-0.18
-0.28
0.13
0.22
0.13
0.63
0.53
0.84
1.32
1.04
1.31
0.95
1.33
1.44
1.24
1.12
1.43
1.46
1.62
1.34
0.91
0.77
0.65
0.92
0.93
0.76
0.70
1.07
0.86
0.93
1.12
0.88
0.84
0.73
0.87
0.54
1.32
0.70
0.63
1.21
0.92
1.55
1.19
1.27
0.82
1.07
1.01
0.64
1.10
0.94
0.62
0.50
0.81
1.07
1.13
1.00
1.08
1.29
1.39
1.07
0.70
0.92
1.17
1.43
1.21
1.05
0.62
1.10
1.37
0.68
0.92
0.74
1.22
1.07
0.94
1.22
0.97
0.94
1.42
0.98
0.35
0.71
1.32
1.11
0.51
0.99
1.08
1.03
1.16
1.18
0.79
0.90
1.23
1.06
0.50
1.02
0.93
0.99
0.80
0.96
