0.10
-0.07
0.20
0.19
0.37
0.47
0.58
0.89
0.88
1.12
1.15
1.31
1.38
1.31
1.42
1.34
1.36
1.27
1.16
1.27
1.05
1.05
1.03
0.95
0.79
1.04
0.74
0.97
0.75
0.97
0.88
0.89
0.92
1.03
0.85
1.07
0.97
1.04
1.00
0.96
1.12
0.98
1.09
1.01
1.08
1.09
0.98
1.07
0.99
1.03
0.98
0.91
1.07
0.91
0.96
1.00
0.96
0.84
1.12
0.85
1.10
0.88
1.10
1.00
0.99
1.01
1.10
0.91
1.11
0.98
1.03
0.98
0.93
1.08
0.93
1.04
0.97
1.04
1.05
0.95
1.05
0.97
1.02
0.97
0.92
1.08
0.92
0.98
1.02
0.98
0.86
1.14
0.86
1.11
0.89
1.11
1.01
1.00
1.01
1.10
