-0.34
0.42
0.65
0.30
0.78
0.68
0.82
1.35
0.82
0.89
1.18
1.25
1.40
1.61
1.81
1.43
1.60
1.62
1.95
1.85
2.00
1.77
2.01
2.29
2.11
1.31
1.97
2.22
2.01
2.27
2.46
1.79
2.14
2.60
2.40
2.57
2.49
2.50
2.09
2.55
2.57
2.27
1.87
2.29
2.29
2.47
2.36
2.24
2.54
2.52
2.27
2.29
2.71
2.92
2.66
2.90
1.90
2.65
2.86
2.37
2.77
2.97
2.46
2.24
2.58
2.54
2.92
2.26
2.56
2.27
2.14
2.15
2.63
2.36
2.77
2.51
2.55
2.66
2.26
2.48
2.80
2.64
2.59
2.68
2.51
2.58
2.56
2.84
2.18
2.73
2.10
2.53
2.45
2.87
2.56
2.44
2.62
2.31
2.34
2.12
