0.10
0.07
0.43
0.47
0.62
0.74
0.96
0.88
1.18
1.11
1.34
1.28
1.35
1.59
1.49
1.70
1.63
1.81
1.87
1.78
1.96
1.92
1.98
2.00
1.99
2.12
2.05
2.18
2.11
2.22
2.20
2.22
2.24
2.36
2.17
2.39
2.30
2.32
2.33
2.44
2.25
2.46
2.30
2.45
2.32
2.31
2.49
2.33
2.48
2.36
2.49
2.50
2.37
2.51
2.43
2.46
2.44
2.41
2.51
2.41
2.51
2.42
2.52
2.47
2.47
2.48
2.58
2.38
2.58
2.48
2.49
2.48
2.58
2.39
2.58
2.42
2.56
2.42
2.41
2.57
2.41
2.55
2.43
2.56
2.56
2.42
2.57
2.48
2.51
2.48
2.45
2.55
2.45
2.54
2.45
2.54
2.50
2.49
2.50
2.60
