0.00
0.02
0.05
0.07
0.09
0.12
0.14
0.16
0.19
0.21
0.24
0.26
0.28
0.31
0.33
0.35
0.38
0.40
0.42
0.45
0.47
0.49
0.52
0.54
0.57
0.59
0.61
0.64
0.66
0.68
0.71
0.73
0.75
0.78
0.80
0.82
0.85
0.87
0.90
0.92
0.94
0.97
0.99
1.01
1.04
1.06
1.08
1.11
1.13
1.15
1.18
1.20
1.23
1.25
1.27
1.30
1.32
1.34
1.37
1.39
1.41
1.44
1.46
1.48
1.51
1.53
1.56
1.58
1.60
1.63
1.65
1.67
1.70
1.72
1.74
1.77
1.79
1.81
1.84
1.86
1.89
1.91
1.93
1.96
1.98
2.00
2.03
2.05
2.07
2.10
2.12
2.14
2.17
2.19
2.22
2.24
2.26
2.29
2.31
2.33
