0.00
0.04
0.07
0.11
0.14
0.18
0.21
0.25
0.28
0.32
0.35
0.39
0.42
0.46
0.49
0.53
0.57
0.60
0.64
0.67
0.71
0.74
0.78
0.81
0.85
0.88
0.92
0.95
0.99
1.03
1.06
1.10
1.13
1.17
1.20
1.24
1.27
1.31
1.34
1.38
1.41
1.45
1.48
1.52
1.56
1.59
1.63
1.66
1.70
1.73
1.77
1.80
1.84
1.87
1.91
1.94
1.98
2.02
2.05
2.09
2.12
2.16
2.19
2.23
2.26
2.30
2.33
2.37
2.40
2.44
2.47
2.51
2.55
2.58
2.62
2.65
2.69
2.72
2.76
2.79
2.83
2.86
2.90
2.93
2.97
3.01
3.04
3.08
3.11
3.15
3.18
3.22
3.25
3.29
3.32
3.36
3.39
3.43
3.46
3.50
